02:14:06,2,700,0
02:14:07,2,700,0
02:14:09,2,700,0
02:14:09,2,700,0
02:14:10,2,700,0
02:14:11,2,700,0
02:14:12,2,700,0
02:14:12,2,700,0
02:14:13,2,700,0
02:14:14,2,700,0
02:14:15,2,700,0
02:14:16,2,700,0
02:14:16,2,700,0
02:14:17,2,700,0
02:14:18,2,700,0
02:14:19,2,700,0
02:14:19,2,700,0
02:14:20,2,700,0
02:14:21,2,700,0
02:14:22,2,700,0
02:14:23,2,700,0
02:14:23,2,700,0
02:14:24,2,700,0
02:14:25,2,700,0
02:14:26,2,700,0
02:14:26,2,700,0
02:14:27,2,700,0
02:14:29,2,700,0
02:14:30,2,700,0
02:14:30,2,700,0
02:14:31,2,700,0
02:14:32,2,700,0
02:14:33,2,700,0
02:14:34,2,700,0
02:14:34,2,700,0
02:14:35,2,700,0
02:14:36,2,700,0
02:14:37,2,700,0
02:14:37,2,700,0
02:14:38,2,700,0
02:14:39,2,700,0
02:14:40,2,700,0
02:14:40,2,700,0
02:14:41,2,700,0
02:14:42,2,700,0
02:14:43,2,700,0
02:14:44,2,700,0
02:14:44,2,700,0
02:14:45,2,700,0
02:14:46,2,700,0
02:14:47,2,700,0
02:14:47,2,700,0
02:14:48,2,700,0
02:14:49,2,700,0
02:14:50,2,700,0
02:14:50,2,700,0
02:14:51,2,700,0
02:14:52,2,700,0
02:14:53,2,700,0
02:14:53,2,700,0
02:14:54,2,700,0
02:14:55,2,700,0
02:14:56,2,700,0
02:14:57,2,700,0
02:14:57,2,700,0
02:14:58,2,700,0
02:14:59,2,700,0
02:15:00,2,700,0
02:15:00,2,700,0
02:15:01,2,700,0
02:15:02,2,700,0
02:19:04,2,700,5
02:20:04,2,700,0
02:21:04,2,700,0
02:22:03,2,700,0
02:23:08,2,700,0
02:29:08,2700,0
02:30:08,2700,0
02:31:08,2700,0
02:32:08,2700,0
02:33:08,2700,0
02:34:08,2700,0
02:35:08,2700,0
02:36:08,2700,0
02:37:07,2700,0
02:38:07,2700,0
02:39:08,2700,0
02:40:09,2700,0
02:41:08,2700,0
02:42:08,2700,0
02:43:08,2700,0
02:44:08,2700,0
02:45:08,2700,0
02:58:07,2734.9,0
02:59:07,2734.9,0
03:00:07,2734.9,0
03:01:08,2734.9,0
03:02:07,2734.9,0
03:03:07,2734.9,0
03:04:07,2734.9,0
03:05:07,2734.9,0
03:06:07,2734.9,0
03:07:07,2702,2
03:08:07,2702,0
03:09:07,2702,0
03:10:08,2702,0
03:17:10,2705.9,0
03:18:10,2705.9,0
03:19:10,2705.9,0
03:20:10,2705.9,0
03:21:11,2690.5,4
03:22:10,2690.5,0
03:23:11,2690.5,0
03:24:11,2690.5,0
03:25:11,2690.5,0
03:26:10,2690.5,0
03:27:10,2690.5,0
03:28:11,2690.5,0
03:29:11,2690.5,0
03:30:10,2690.5,0
03:31:11,2690.5,0
03:32:10,2690.5,0
03:33:10,2690.5,0
03:34:10,2690.5,0
03:35:10,2690.5,0
03:36:11,2690.5,0
03:37:10,2690.5,0
03:38:11,2690.5,0
03:39:11,2690.5,0
03:40:11,2690.5,0
03:41:11,2690.5,0
03:42:10,2690.5,0
03:43:10,2719.8,3
03:44:12,2719.8,0
03:45:11,2719.8,0
03:46:11,2719.8,0
03:47:11,2719.8,0
03:48:11,2719.8,0
03:49:11,2719.8,0
03:50:11,2719.8,0
03:51:11,2719.8,0
03:52:11,2719.8,0
03:53:11,2719.8,0
03:54:11,2719.8,0
03:55:11,2719.8,0
03:56:11,2719.8,0
03:57:11,2719.8,0
03:58:12,2719.8,0
03:59:11,2719.8,0
04:00:11,2719.8,0
04:01:11,2729,44
04:02:12,2729,0
04:03:12,2729,0
04:04:11,2729,0
04:05:11,2691.5,100
04:06:11,2691.5,0
04:07:12,2685,50
04:08:11,2685,0
04:09:11,2662,50
04:10:11,2662,0
04:11:12,2660,100
04:12:12,2660,0
04:13:48,2660,0
04:14:11,2660,0
04:15:12,2660,0
04:16:12,2660,0
04:17:11,2660,0
04:18:11,2660,0
04:19:11,2660,0
04:20:11,2660,0
04:21:11,2660,0
04:22:12,2660,0
04:23:11,2660,0
04:24:12,2660,0
04:25:12,2660,0
04:26:11,2660,0
04:27:12,2660,0
04:28:12,2660,0
04:29:11,2660,0
04:30:15,2660,0
04:31:11,2671,2
04:32:12,2671,0
04:33:11,2671,0
04:34:11,2671,0
04:35:12,2671,0
04:36:11,2671,0
04:37:11,2671,0
04:38:11,2671,0
04:39:11,2671,0
04:40:11,2671,0
04:41:11,2671,0
04:42:11,2671,0
04:43:11,2671,0
04:44:11,2671,0
04:45:12,2671,0
04:46:11,2671,0
04:47:11,2671,0
04:48:11,2671,0
04:49:11,2671,0
04:50:11,2671,0
04:51:12,2671,0
04:52:12,2671,0
04:53:12,2671,0
04:54:12,2671,0
04:55:13,2671,0
04:56:12,2671,0
04:57:11,2671,0
04:58:11,2671,0
