02:14:06,1,200.2,0
02:14:07,1,200.2,0
02:14:09,1,200.2,0
02:14:09,1,200.2,0
02:14:10,1,200.2,0
02:14:11,1,200.2,0
02:14:12,1,200.2,0
02:14:12,1,200.2,0
02:14:13,1,200.2,0
02:14:14,1,200.2,0
02:14:15,1,200.2,0
02:14:16,1,200.2,0
02:14:16,1,200.2,0
02:14:17,1,200.2,0
02:14:18,1,200.2,0
02:14:19,1,200.2,0
02:14:19,1,200.2,0
02:14:20,1,200.2,0
02:14:21,1,200.2,0
02:14:22,1,200.2,0
02:14:23,1,200.2,0
02:14:23,1,200.2,0
02:14:24,1,200.2,0
02:14:25,1,200.2,0
02:14:26,1,200.2,0
02:14:26,1,200.2,0
02:14:27,1,200.2,0
02:14:29,1,200.2,0
02:14:30,1,200.2,0
02:14:30,1,200.2,0
02:14:31,1,200.2,0
02:14:32,1,200.2,0
02:14:33,1,200.2,0
02:14:34,1,200.2,0
02:14:34,1,200.2,0
02:14:35,1,200.2,0
02:14:36,1,200.2,0
02:14:37,1,200.2,0
02:14:37,1,200.2,0
02:14:38,1,200.2,0
02:14:39,1,200.2,0
02:14:40,1,200.2,0
02:14:40,1,200.2,0
02:14:41,1,200.2,0
02:14:42,1,200.2,0
02:14:43,1,200.2,0
02:14:44,1,200.2,0
02:14:44,1,200.2,0
02:14:45,1,200.2,0
02:14:46,1,200.2,190
02:14:47,1,200.2,0
02:14:47,1,200.2,0
02:14:48,1,200.2,0
02:14:49,1,200.2,0
02:14:50,1,200.2,0
02:14:50,1,200.2,0
02:14:51,1,200.2,0
02:14:52,1,200.2,0
02:14:53,1,200.2,0
02:14:53,1,200.2,0
02:14:54,1,200.2,0
02:14:55,1,200.2,0
02:14:56,1,200.2,0
02:14:57,1,200.2,0
02:14:57,1,200.2,0
02:14:58,1,200.2,0
02:14:59,1,200.2,0
02:15:00,1,200.2,0
02:15:00,1,200.2,0
02:15:01,1,200.2,0
02:15:02,1,200.2,0
02:19:04,1,200.2,0
02:20:04,1,200.2,0
02:21:04,1,200.2,370
02:22:03,1,200.2,0
02:23:08,1,200.2,295
02:29:08,1200.2,0
02:30:08,1200.2,0
02:31:08,1200.2,10
02:32:08,1200.2,0
02:33:08,1200.2,10
02:34:08,1200.2,0
02:35:08,1200.2,150
02:36:08,1200.2,0
02:37:07,1200.2,250
02:38:07,1200.2,0
02:39:08,1200.2,10
02:40:09,1200.2,0
02:41:08,1200.2,851
02:42:08,1200.2,0
02:43:08,1200.2,0
02:44:08,1200.2,0
02:45:08,1200.2,618
02:58:07,1200.2,0
02:59:07,1200.2,0
03:00:07,1200.2,0
03:01:08,1191.1,32
03:02:07,1191.1,0
03:03:07,1191.1,0
03:04:07,1191.1,0
03:05:07,1191.1,0
03:06:07,1191.1,0
03:07:07,1191.1,0
03:08:07,1191.1,0
03:09:07,1192.4,25
03:10:08,1192.4,0
03:17:10,1200,10
03:18:10,1200,0
03:19:10,1200,14
03:20:10,1200,0
03:21:11,1200,50
03:22:10,1200,0
03:23:11,1200,0
03:24:11,1200,0
03:25:11,1200,0
03:26:10,1200,0
03:27:10,1200,400
03:28:11,1200,0
03:29:11,1200,0
03:30:10,1200,0
03:31:11,1200,0
03:32:10,1200,0
03:33:10,1200,100
03:34:10,1200,0
03:35:10,1200,0
03:36:11,1200,0
03:37:10,1200,100
03:38:11,1200,0
03:39:11,1200,0
03:40:11,1200,0
03:41:11,1200,0
03:42:10,1200,0
03:43:10,1200,0
03:44:12,1200,0
03:45:11,1200,0
03:46:11,1200,0
03:47:11,1200,0
03:48:11,1200,0
03:49:11,1200,0
03:50:11,1200,0
03:51:11,1195,40
03:52:11,1195,0
03:53:11,1194,10
03:54:11,1194,0
03:55:11,1193.2,10
03:56:11,1193.2,0
03:57:11,1190.1,49
03:58:12,1190.1,0
03:59:11,1186,16
04:00:11,1186,0
04:01:11,1180,729
04:02:12,1180,0
04:03:12,1180,0
04:04:11,1180,0
04:05:11,1165,255
04:06:11,1165,0
04:07:12,1165,0
04:08:11,1165,0
04:09:11,1165.1,40
04:10:11,1165.1,0
04:11:12,1160,243
04:12:12,1160,0
04:13:48,1160,0
04:14:11,1160,0
04:15:12,1160,10
04:16:12,1160,0
04:17:11,1159.1,5
04:18:11,1159.1,0
04:19:11,1160,357
04:20:11,1160,0
04:21:11,1161.1,100
04:22:12,1161.1,0
04:23:11,1160.2,1058
04:24:12,1160.2,0
04:25:12,1160.2,0
04:26:11,1160.2,0
04:27:12,1161.1,5
04:28:12,1161.1,0
04:29:11,1161.1,100
04:30:15,1161.1,0
04:31:11,1161.1,0
04:32:12,1161.1,0
04:33:11,1161.1,0
04:34:11,1161.1,0
04:35:12,1161.1,0
04:36:11,1161.1,0
04:37:11,1161.1,0
04:38:11,1161.1,0
04:39:11,1161.1,0
04:40:11,1161.1,0
04:41:11,1161.1,0
04:42:11,1161.1,0
04:43:11,1161.1,0
04:44:11,1161.1,0
04:45:12,1161.1,0
04:46:11,1161.1,0
04:47:11,1161.1,0
04:48:11,1161.1,0
04:49:11,1161.1,0
04:50:11,1161.1,0
04:51:12,1161.1,0
04:52:12,1161.1,0
04:53:12,1161.1,0
04:54:12,1161.1,0
04:55:13,1161.1,0
04:56:12,1161.1,0
04:57:11,1161.1,0
04:58:11,1161.1,0
