02:14:06,1,650,0
02:14:07,1,650,0
02:14:09,1,650,0
02:14:09,1,650,0
02:14:10,1,650,0
02:14:11,1,650,0
02:14:12,1,650,0
02:14:12,1,650,0
02:14:13,1,650,0
02:14:14,1,650,0
02:14:15,1,650,0
02:14:16,1,650,0
02:14:16,1,650,0
02:14:17,1,650,0
02:14:18,1,650,0
02:14:19,1,650,0
02:14:19,1,650,0
02:14:20,1,650,0
02:14:21,1,650,0
02:14:22,1,650,0
02:14:23,1,650,0
02:14:23,1,650,0
02:14:24,1,650,0
02:14:25,1,650,0
02:14:26,1,650,0
02:14:26,1,650,0
02:14:27,1,650,0
02:14:29,1,650,0
02:14:30,1,650,0
02:14:30,1,650,0
02:14:31,1,650,0
02:14:32,1,650,0
02:14:33,1,650,0
02:14:34,1,650,0
02:14:34,1,650,0
02:14:35,1,650,0
02:14:36,1,650,0
02:14:37,1,650,0
02:14:37,1,650,0
02:14:38,1,650,0
02:14:39,1,650,0
02:14:40,1,650,0
02:14:40,1,650,0
02:14:41,1,650,0
02:14:42,1,650,0
02:14:43,1,650,0
02:14:44,1,650,0
02:14:44,1,650,0
02:14:45,1,650,0
02:14:46,1,666,190
02:14:47,1,666,0
02:14:47,1,666,0
02:14:48,1,666,0
02:14:49,1,666,0
02:14:50,1,666,0
02:14:50,1,666,0
02:14:51,1,666,0
02:14:52,1,666,0
02:14:53,1,666,0
02:14:53,1,666,0
02:14:54,1,666,0
02:14:55,1,666,0
02:14:56,1,666,0
02:14:57,1,666,0
02:14:57,1,666,0
02:14:58,1,666,0
02:14:59,1,666,0
02:15:00,1,666,0
02:15:00,1,666,0
02:15:01,1,666,0
02:15:02,1,666,0
02:19:04,1,678,15
02:20:04,1,678,0
02:21:04,1,678,0
02:22:03,1,678,0
02:23:08,1,679,50
02:29:08,1679,0
02:30:08,1679,0
02:31:08,1679,0
02:32:08,1679,0
02:33:08,1679,0
02:34:08,1679,0
02:35:08,1679,0
02:36:08,1679,0
02:37:07,1679,0
02:38:07,1679,0
02:39:08,1679,0
02:40:09,1679,0
02:41:08,1679,0
02:42:08,1679,0
02:43:08,1679,0
02:44:08,1679,0
02:45:08,1679,0
02:58:07,1674,0
02:59:07,1674,5
03:00:07,1674,0
03:01:08,1674,0
03:02:07,1674,0
03:03:07,1674,0
03:04:07,1674,0
03:05:07,1674,0
03:06:07,1674,0
03:07:07,1674,0
03:08:07,1674,0
03:09:07,1674,0
03:10:08,1674,0
03:17:10,1674,0
03:18:10,1674,0
03:19:10,1674,0
03:20:10,1674,0
03:21:11,1674,0
03:22:10,1674,0
03:23:11,1674,0
03:24:11,1674,0
03:25:11,1672,60
03:26:10,1672,0
03:27:10,1672,0
03:28:11,1672,0
03:29:11,1672,0
03:30:10,1672,0
03:31:11,1672,0
03:32:10,1672,0
03:33:10,1672,0
03:34:10,1672,0
03:35:10,1672,0
03:36:11,1672,0
03:37:10,1672,0
03:38:11,1672,0
03:39:11,1672,0
03:40:11,1672,0
03:41:11,1672,0
03:42:10,1672,0
03:43:10,1672,0
03:44:12,1672,0
03:45:11,1672,0
03:46:11,1672,0
03:47:11,1672,0
03:48:11,1672,0
03:49:11,1672,0
03:50:11,1672,0
03:51:11,1671.9,20
03:52:11,1671.9,0
03:53:11,1671.9,0
03:54:11,1671.9,0
03:55:11,1671.9,0
03:56:11,1671.9,0
03:57:11,1671.9,0
03:58:12,1671.9,0
03:59:11,1672,199
04:00:11,1672,0
04:01:11,1673,37
04:02:12,1673,0
04:03:12,1677,267
04:04:11,1677,0
04:05:11,1676.5,5
04:06:11,1676.5,0
04:07:12,1676.5,0
04:08:11,1676.5,0
04:09:11,1676.5,0
04:10:11,1676.5,0
04:11:12,1677,168
04:12:12,1677,0
04:13:48,1676.9,98
04:14:11,1676.9,0
04:15:12,1677,80
04:16:12,1677,0
04:17:11,1673.5,10
04:18:11,1673.5,0
04:19:11,1670.1,64
04:20:11,1670.1,0
04:21:11,1670.1,0
04:22:12,1670.1,0
04:23:11,1670.5,1
04:24:12,1670.5,0
04:25:12,1670.5,0
04:26:11,1670.5,0
04:27:12,1677,170
04:28:12,1677,0
04:29:11,1676.8,3
04:30:15,1676.8,0
04:31:11,1676.8,0
04:32:12,1676.8,0
04:33:11,1676.8,0
04:34:11,1676.8,0
04:35:12,1676.8,0
04:36:11,1676.8,0
04:37:11,1676.8,0
04:38:11,1676.8,0
04:39:11,1676.8,0
04:40:11,1676.8,0
04:41:11,1676.8,0
04:42:11,1676.8,0
04:43:11,1676.8,0
04:44:11,1676.8,0
04:45:12,1676.8,0
04:46:11,1676.8,0
04:47:11,1676.8,0
04:48:11,1676.8,0
04:49:11,1676.8,0
04:50:11,1676.8,0
04:51:12,1676.8,0
04:52:12,1676.8,0
04:53:12,1676.8,0
04:54:12,1676.8,0
04:55:13,1676.8,0
04:56:12,1676.8,0
04:57:11,1676.8,0
04:58:11,1676.8,0
